0 89 81 74 59 10 29 66 97 71 46 4

89 0 3 96 34 57 77 42 15 62 14 48

81 3 0 71 80 22 36 85 24 68 9 77

74 96 71 0 74 36 70 71 5 52 75 6

59 34 80 74 0 80 58 39 94 97 77 20

10 57 22 36 80 0 36 43 70 82 17 97

29 77 36 70 58 36 0 12 34 81 87 62

66 42 85 71 39 43 12 0 17 91 75 54

97 15 24 5 94 70 34 17 0 10 61 63

71 62 68 52 97 82 81 91 10 0 89 100

46 14 9 75 77 17 87 75 61 89 0 1

4 48 77 6 20 97 62 54 63 100 1 0 